1960	0.22710819	0.197694208	0.232049564	0.319690475	0.42303546	0.538750406	0.66344103	0.775354758	0.87236231	1.04052727	1.273687547
1961	0.22710819	0.197694208	0.232049564	0.319690475	0.42303546	0.538750406	0.66344103	0.775354758	0.87236231	1.04052727	1.273687547
1962	0.200542535	0.192335644	0.227182746	0.325607125	0.441255028	0.548837863	0.663210374	0.809805532	0.884773982	1.034856512	1.281351243
1963	0.178976907	0.217814141	0.229279306	0.325551839	0.446654229	0.569352264	0.668312053	0.789689813	0.875953766	1.021058275	1.35727964
1964	0.177733997	0.244059419	0.292926612	0.381873016	0.458309939	0.579202037	0.68699345	0.788721117	0.881702898	1.023394352	1.351876287
1965	0.181543015	0.245766149	0.322529068	0.433870949	0.553962995	0.620113699	0.726947729	0.812674597	0.890579587	1.075806674	1.419869396
1966	0.178352204	0.240609642	0.326559336	0.426772773	0.56455292	0.701783442	0.828328437	0.903922563	0.92471401	1.095209569	1.444251173
1967	0.1818716	0.244914271	0.325716134	0.41600601	0.551715506	0.710154913	0.816967564	1.002636524	1.025296055	1.160644648	1.562769006
1968	0.177427294	0.240174936	0.316031644	0.415150575	0.531354872	0.652050612	0.818894377	0.916175202	1.052259474	1.219183333	1.612107084
1969	0.182201976	0.246190983	0.30270778	0.378650234	0.503785669	0.635090545	0.739692504	0.914156442	1.020073527	1.227222474	1.623101405
1970	0.187745505	0.239739442	0.309354166	0.363048206	0.469927654	0.619289916	0.729828747	0.812517692	1.012040513	1.106480908	1.495498901
1971	0.181216205	0.232660697	0.301703497	0.365130114	0.44285212	0.572740779	0.724541234	0.850091172	0.932520241	1.086589159	1.35374681
1972	0.193430305	0.241043565	0.310399742	0.400254919	0.461419549	0.557428022	0.678849026	0.81812224	0.921908347	1.102247704	1.365406
1973	0.19033522	0.225822939	0.284914022	0.375978723	0.501194573	0.575745604	0.716424455	0.885366026	1.038114156	1.116821382	1.465709795
1974	0.190946668	0.229495098	0.287603894	0.348528335	0.464585837	0.60015498	0.759468893	0.950856456	1.189857134	1.395629249	1.704588916
1975	0.192419531	0.230954541	0.296135104	0.375982712	0.484380016	0.626941784	0.788558178	0.993785188	1.208446937	1.439194219	1.817318842
1976	0.183296239	0.235781679	0.296452357	0.379568176	0.481942943	0.610114743	0.75740874	0.954584726	1.109023895	1.332421105	1.68256387
1977	0.187384108	0.233769117	0.305249079	0.385720106	0.50417854	0.61180389	0.761235837	0.918652274	1.118895437	1.271192354	1.631399381
1978	0.151748351	0.233109416	0.305273648	0.383515319	0.469212106	0.614	0.718398218	0.897288137	1.097867023	1.303372548	1.626210555
1979	0.16683321	0.250579329	0.311833289	0.399886234	0.476457763	0.558397708	0.656527227	0.846942737	1.061167282	1.413715672	1.681322909
1980	0.155202897	0.261824369	0.362458273	0.424579792	0.495048482	0.560419486	0.629166115	0.720262452	0.957699327	1.289937983	1.757335307
1981	0.175029518	0.281444488	0.364921909	0.429911619	0.48449355	0.538494197	0.560419486	0.662872537	0.765041175	0.99343344	1.446069183
1982	0.209569591	0.249563619	0.369377855	0.416367626	0.468726999	0.509481109	0.565204388	0.638113626	0.812265966	1.004888053	1.335890743
1983	0.29030838	0.312717125	0.37543841	0.446989933	0.53006226	0.581833309	0.609508819	0.671249581	0.84184381	1.091201173	1.501523535
1984	0.244595069	0.305895407	0.382	0.466454714	0.552996383	0.608649324	0.675641917	0.770612743	0.923454384	1.176773555	1.637573919
1985	0.221616926	0.298043621	0.367450677	0.425071759	0.502533581	0.600753693	0.679455664	0.848945228	1.119885708	1.463196501	1.92058303
1986	0.078723779	0.202800394	0.301882427	0.420392674	0.509120811	0.604676773	0.712937585	0.90054428	1.195069872	1.569754121	2.081870064
1987	0.218864284	0.189066126	0.277870473	0.348716217	0.451959069	0.599116015	0.749291666	0.925163769	1.174587162	1.499519923	2.01661512
1988	0.162523778	0.241702296	0.317015772	0.421316983	0.463326019	0.546531792	0.712018258	0.933628406	1.228823421	1.560216331	2.062099014
1989	0.064716423	0.177820134	0.257476212	0.364806798	0.466527598	0.545263239	0.695992816	0.909193049	1.222768989	1.571955788	2.06964508
1990	0.10329958	0.15762614	0.253317982	0.340800528	0.463629162	0.586133091	0.745053018	0.98551002	1.31697836	1.697183549	2.049269887
1991	0.167836272	0.214918589	0.320668053	0.408209505	0.520153823	0.660720819	0.844899994	1.103604096	1.477653545	1.880278703	2.224403651
1992	0.234056559	0.238327506	0.330333165	0.415492479	0.514474489	0.667125176	0.861108588	1.09570799	1.411735103	1.805990033	2.327423982
1993	0.087985955	0.227983357	0.279383432	0.358214077	0.452503563	0.568016897	0.730374477	0.926373135	1.205146505	1.465784462	2.007979349
1994	0.083847652	0.148306546	0.244449474	0.320450997	0.440627711	0.612808184	0.726579939	0.906104297	1.163420541	1.444418862	1.791574958
1995	0.165642635	0.167751981	0.252253285	0.341195971	0.514758547	0.742168833	1.102460945	1.226036225	1.312906678	1.849212516	1.776237822
1996	0.115740585	0.194208567	0.265031234	0.385951337	0.536839522	0.80665318	1.058125208	1.456890662	1.625219874	2.108959459	2.35253149
1997	0.162324694	0.189242699	0.265959676	0.379387472	0.541930719	0.744769993	0.953257064	1.187165091	1.530684538	1.923812568	2.613148101
1998	0.135617094	0.165334775	0.25534913	0.350457384	0.494901556	0.632924424	0.805795963	0.985255421	1.260372398	1.732440355	2.014419767
1999	0.152879516	0.211651632	0.226854866	0.31613245	0.411297423	0.552810044	0.672786072	0.859929635	1.063938689	1.35600035	1.809425682
2000	0.118914535	0.237584997	0.313067707	0.360009094	0.444712969	0.565632718	0.716029863	0.895760795	1.147170483	1.356176488	1.75620005
2001	0.185138389	0.230591908	0.344816248	0.425664882	0.467530043	0.58397517	0.750376954	0.931978012	1.163550036	1.390953272	1.788917493
2002	0.184700009	0.267937457	0.356302261	0.435091747	0.509644238	0.581409337	0.722503198	0.940351698	1.127651827	1.40433857	1.742213972
2003	0.208868562	0.273031038	0.368760176	0.443650805	0.541228926	0.636675802	0.759984931	0.94312852	1.200746567	1.407157196	1.882810095
2004	0.176984329	0.279620326	0.373223557	0.467576973	0.569700217	0.709231002	0.837639529	0.976493256	1.203931029	1.534657121	1.977903585
2005	0.167429848	0.275565041	0.386029003	0.485897405	0.580968731	0.709149347	0.856739357	1.011577631	1.219522491	1.46080157	1.931366007
2006	0.122902305	0.228100352	0.37673905	0.497664332	0.586626968	0.687106571	0.876436558	0.99621616	1.207947348	1.515864859	1.861555062
2007	0.215080306	0.225025682	0.33579063	0.468973559	0.580154302	0.679297864	0.812694905	1.110790873	1.210592289	1.382395596	1.707909542
2008	0.170908128	0.259927317	0.344117576	0.475638897	0.587221981	0.718002896	0.841006494	1.096997005	1.315335883	1.475921521	1.628563609
2009	0.139770766	0.218349164	0.305703059	0.41125595	0.52778923	0.65797014	0.804487793	0.963736893	1.332252936	1.451521334	1.713356591
2010	0.218155376	0.242234731	0.308091174	0.391573918	0.493870005	0.598427663	0.711878705	0.867854532	1.05662976	1.358225835	1.654040721
2011	0.145143588	0.215530675	0.323971324	0.40922459	0.494460412	0.625761768	0.739042513	0.827241983	1.072686003	1.2397376	1.654594385
2012	0.121303722	0.170979014	0.237173564	0.357984018	0.478412181	0.556811387	0.738660726	0.850878643	0.977607047	1.235626671	1.596033275
2013	0.10613234	0.174010882	0.237268442	0.335053621	0.457103868	0.574705457	0.656224689	0.835516272	0.939877753	1.158139369	1.584249029
2014	0.132417804	0.18435956	0.252651931	0.345503919	0.427782136	0.548346775	0.650427739	0.779418306	0.960975529	1.055020851	1.539066919
2015	0.06635257	0.171586492	0.246663505	0.325163413	0.408889028	0.478473621	0.609463367	0.755709062	0.933250858	1.054017625	1.348391492
2016	0.101634238	0.176652311	0.24552796	0.335240317	0.431258344	0.533841951	0.638705265	0.790214547	0.94470138	1.089059282	1.490569147
2017     0.217       0.225       0.299        0.383      0.516        0.618       0.689          0.858          1.035          1.090          1.507
2018 0.159 0.190 0.268 0.353 0.459 0.539 0.647 0.798 0.980 1.108 1.411
